((("$item" .
   [0 0 0 1 0])
  ("array_pop" .
   [0 0 0 0 0 0 0 1 0])
  ("while" .
   [1 0 0 0 0])
  ("$arr" .
   [1 0 1 0])
  ("$e" .
   [1 0])
  ("catch" .
   [0 0 0 1 0])
  ("try" .
   [1 0 0])
  ("$timeout" .
   [0 0 0 0 0 1 0 0])
  ("else" .
   [1 0 0 0])
  ("$fp" .
   [2 0 0])
  ("$port" .
   [1 0 0 0 0])
  ("$host" .
   [1 0 0 0 0])
  ("$t3" .
   [1 0 0])
  ("usleep" .
   [0 0 0 0 0 1])
  ("$t1" .
   [1 0 0])
  ("$end" .
   [1 0 0 0])
  ("microtime" .
   [0 0 0 1 0 0 0 0 0])
  ("var_dump" .
   [0 0 0 0 0 1 0 0])
  ("$bol" .
   [2 0 0 0])
  ("apc_store" .
   [0 0 0 0 0 1 0 0 0])
  ("TestClass" .
   [1 0 0 0 1 0 0 0 0])
  ("class" .
   [1 0 0 0 0])
  ("$objs" .
   [0 0 0 1 0])
  ("$bar" .
   [2 0 0 0])
  ("~/bin:/usr/mylocal/bin:" .
   [0 0 0 0 0 0 0 0 0 0 1 0 0 0 0 0 0 0 0 0 0 0 0])
  ("define" .
   [0 0 0 1 0 1])
  ("PATH:" .
   [0 0 0 1 0])
  ("PATH" .
   [1 0 0 0])
  ("export" .
   [1 0 0 0 0 0])
  ("font" .
   [3 0 0 0])
  ("nowDate" .
   [0 0 0 1 0 0 0])
  ("php" .
   [1 0 0])
  ("div" .
   [3 0 0])
  ("int" .
   [3 0 0])
  ("socket" .
   [1 0 0 0 0 0])
  ("data2" .
   [1 0 0 0 0])
  ("-d" .
   [1 0])
  ("base64" .
   [0 0 0 0 1 0])
  ("data" .
   [2 0 0 0])
  ("echo" .
   [38 0 0 0])
  ("json_base64" .
   [0 0 0 0 0 0 1 0 0 0 0])
  ("json" .
   [1 0 0 0])
  ("public" .
   [0 0 0 1 0 0])
  ("function" .
   [0 0 0 0 0 0 0 1])
  ("exchange" .
   [0 0 0 0 1 0 0 0])
  ("exchangeAction" .
   [1 0 0 0 0 0 0 0 0 0 1 0 0 0])
  ("$request" .
   [0 0 0 1 1 0 0 0])
  ("new" .
   [2 0 0])
  ("Request" .
   [0 0 1 1 0 0 0])
  ("POST" .
   [1 0 0 0])
  ("$response" .
   [0 0 0 0 0 1 0 0 0])
  ("Response" .
   [1 0 0 0 1 0 0 0])
  ("$sessionId" .
   [0 0 0 0 0 1 0 0 0 0])
  ("git" .
   [1 0 0])
  ("postChgName" .
   [0 0 0 0 0 0 1 0 0 0 0])
  ("Input" .
   [1 0 0 0 0])
  ("get" .
   [1 0 0])
  ("find" .
   [1 0 0 0])
  ("$uid" .
   [2 0 0 0])
  ("if" .
   [1 0])
  ("null" .
   [1 0 0 0])
  ("40002" .
   [1 0 0 0 0])
  ("$returnData" .
   [0 0 0 1 0 0 0 0 0 0 0])
  ("array" .
   [0 0 0 2 1])
  ("$userinfo" .
   [0 0 0 0 1 0 1 0 0])
  ("name" .
   [1 0 0 0])
  ("$name" .
   [1 0 0 0 0])
  ("save" .
   [0 0 1 0])
  ("expect" .
   [1 0 0 1 0 0])
  ("send" .
   [1 0 0 0])
  ("sleep" .
   [2 0 0 0 0])
  ("0.5" .
   [1 0 0])
  ("0.2" .
   [1 0 0])
  ("$node1" .
   [2 0 0 0 0 0])
  ("$node2" .
   [2 0 0 0 0 0])
  ("$node3" .
   [2 0 0 0 0 0])
  ("key" .
   [2 0 0])
  ("$this" .
   [1 0 0 0 0])
  ("nodes" .
   [1 0 0 0 0])
  ("$node4" .
   [1 0 0 0 0 0])
  ("$node5" .
   [1 0 0 0 0 0])
  ("$node7" .
   [1 0 0 0 0 0])
  ("$node6" .
   [1 0 0 0 0 0])
  ("for" .
   [1 0 0])
  ("$count" .
   [1 0 0 0 0 0])
  ("server" .
   [2 0 0 0 0 0])
  ("port" .
   [2 0 0 0])
  ("100" .
   [0 0 1])
  ("count" .
   [1 0 0 0 0])))
